MODEL: random_forest
accuracy: 0.8786204837264855
balanced_accuracy: 0.8573076068172011
precision_weighted: 0.8797895479104246
recall_weighted: 0.8786204837264855
f1_weighted: 0.8790556120554435
precision_macro: 0.8541545575560366
recall_macro: 0.8573076068172011
f1_macro: 0.8555994247124952
roc_auc_macro_ovr: 0.9834037542376421
cv_accuracy_mean: 0.8471207071438922
cv_accuracy_std: 0.009171301907263646

